test_r2: 0.983467899882071
test_mae: 0.39166881803070114
test_rmse: 0.7655916685897212
noise_ceiling: 0.8444357969718059
cv_best_r2: 0.9479875416058648
